[header]
width=50
height=25
tilewidth=16
tileheight=16
orientation=orthogonal
background_color=0,0,0,255

[tilesets]
tileset=CdH_TILES.png,16,16,0,0

[layer]
type=Tile Layer 1
data=
0,0,0,0,0,0,0,0,0,0,0,0,0,0,0,0,0,0,0,0,0,0,0,0,0,0,0,0,0,0,0,0,0,0,0,0,0,0,0,0,0,0,0,0,0,0,0,0,0,0,
0,0,0,0,0,0,0,0,0,0,0,0,0,0,0,0,0,0,0,0,0,0,0,0,0,0,0,0,0,0,0,0,0,0,0,0,0,0,0,0,0,0,0,0,0,0,0,0,0,0,
0,0,0,0,0,0,0,0,0,0,0,0,0,0,0,0,0,0,0,0,0,0,0,0,0,0,0,0,0,0,0,0,0,0,0,0,0,0,0,0,0,0,0,0,0,0,0,0,0,0,
0,0,0,0,0,0,0,0,0,0,0,0,0,0,0,0,0,0,0,0,0,0,0,0,0,0,0,0,0,0,0,0,0,0,0,0,0,0,0,0,0,0,0,0,0,0,0,0,0,0,
0,0,0,0,0,0,0,0,0,0,0,0,0,0,0,0,0,0,0,0,0,0,0,0,0,0,0,0,0,0,0,0,0,0,0,0,0,0,0,0,0,0,0,0,0,0,0,0,0,0,
0,0,0,0,0,0,0,0,0,0,0,0,0,0,0,0,0,0,0,0,0,0,0,0,0,0,0,0,0,0,0,0,0,0,0,0,0,0,0,0,0,0,0,0,0,0,0,0,0,0,
47,47,47,47,47,47,47,47,47,47,47,47,47,47,47,47,47,47,47,47,47,47,47,47,47,47,47,47,47,47,47,47,47,47,47,47,47,47,47,47,47,47,47,47,47,47,47,47,47,47,
47,47,47,47,47,47,47,47,47,48,47,47,47,47,47,47,47,47,47,47,47,47,47,47,47,47,47,47,47,47,47,47,47,47,47,47,47,47,47,47,47,47,47,47,47,47,47,47,47,47,
45,46,47,47,47,47,47,66,67,68,47,47,47,47,47,47,47,47,47,47,47,47,47,47,47,47,47,47,47,47,47,47,47,45,46,47,47,47,47,47,47,47,47,47,47,47,47,47,47,47,
47,47,47,47,47,47,47,47,47,47,47,47,47,47,47,47,47,47,47,47,47,47,47,47,47,47,47,47,47,47,47,47,47,47,47,47,47,45,46,47,47,47,47,47,47,47,47,47,47,47,
47,47,47,47,47,47,47,47,47,47,47,47,47,47,47,47,47,47,45,46,47,47,47,47,47,47,45,46,47,47,47,47,47,47,47,47,47,47,47,47,47,47,47,47,47,47,47,47,47,47,
47,47,47,47,47,47,47,47,47,47,47,47,47,47,47,47,47,47,47,47,47,47,47,47,47,47,47,47,47,47,47,47,47,47,47,47,47,47,47,47,47,47,47,47,47,47,47,47,47,47,
47,47,47,47,47,47,47,47,47,47,47,47,47,47,47,47,47,47,47,47,47,47,47,47,47,47,47,47,47,47,47,47,47,47,47,47,47,47,47,47,47,47,47,47,47,47,47,47,47,47,
47,47,47,47,47,47,47,47,47,47,47,47,47,47,47,47,47,47,47,47,47,47,47,47,47,47,47,47,47,47,47,47,47,47,47,47,47,47,47,47,47,47,47,47,47,47,47,47,47,47,
47,47,47,47,47,47,47,47,47,47,47,47,47,47,47,47,47,47,47,47,47,47,47,47,47,47,47,47,47,47,47,47,47,47,47,47,47,47,47,47,47,47,47,47,47,47,47,47,47,47,
0,0,0,0,0,0,0,0,0,0,0,0,0,0,0,0,0,0,0,0,0,0,0,0,0,0,0,0,0,0,0,0,0,0,0,0,0,0,0,0,0,0,0,0,0,0,0,0,0,0,
0,0,0,0,0,0,0,0,0,0,0,0,0,0,0,0,0,0,0,0,0,0,0,0,0,0,0,0,122,122,122,122,122,122,122,122,0,0,0,0,0,0,0,0,0,0,0,0,0,0,
0,0,0,0,0,0,0,0,0,0,0,223,0,0,0,0,0,0,0,0,0,0,0,0,0,0,0,0,0,0,0,0,0,0,0,0,0,0,0,0,0,0,0,0,0,0,0,0,0,0,
0,0,0,0,0,0,0,0,0,0,0,122,122,122,122,122,0,0,0,0,0,0,122,122,122,0,0,0,0,0,0,0,0,0,0,0,0,0,0,0,0,0,0,0,0,0,0,0,0,0,
0,0,0,0,0,0,0,0,0,0,0,0,0,0,0,0,0,0,0,0,0,0,0,0,122,122,122,0,0,0,0,0,0,0,0,0,0,126,127,0,0,0,0,173,174,175,176,177,0,0,
0,0,0,0,0,0,0,0,0,0,0,0,0,0,0,0,0,0,0,0,0,0,0,0,0,0,0,0,0,0,0,0,0,0,0,0,0,146,147,0,0,0,0,193,194,195,196,197,0,0,
0,0,0,0,0,0,0,122,122,122,122,122,122,122,122,122,122,0,0,0,0,0,122,122,122,122,122,122,122,122,122,122,122,122,122,122,122,122,122,122,122,122,122,122,122,122,122,122,122,122,
121,122,123,122,122,122,122,142,142,142,142,142,142,142,142,142,142,122,122,122,122,122,142,142,142,142,142,142,142,142,142,142,142,142,142,142,142,142,142,142,142,142,142,142,142,142,142,142,142,142,
142,142,142,142,142,142,142,142,142,142,142,142,142,142,142,142,142,142,142,142,142,142,142,142,142,142,142,142,142,142,142,142,142,142,142,142,142,142,142,142,142,142,142,142,142,142,142,142,142,142,
142,142,142,142,142,142,142,142,142,142,142,142,142,142,142,142,142,142,142,142,142,142,142,142,142,142,142,142,142,142,142,142,142,142,142,142,142,142,142,142,142,142,142,142,142,142,142,142,142,142

[Object Layer 1]
# Water
type=Water
location=10,21,1,1

[Object Layer 1]
# Water
type=Water
location=32,21,1,1

[Object Layer 1]
# SpeedBoost
type=SpeedBoost
location=22,17,1,1

